 l_angstrom,N,lower,upper,g_l,g_u,rate,strength,log_gf
 507.058,   9,  1^1S, 10^1P, 1, 3, 1.593e7, 1.841e-3, -2.735
 507.718,   8,  1^1S,  9^1P, 1, 3, 2.183e7, 2.530e-3, -2.597
 508.643,   7,  1^1S,  8^1P, 1, 3, 3.103e7, 3.610e-3, -2.443
 509.998,   6,  1^1S,  7^1P, 1, 3, 4.622e7, 5.405e-3, -2.267
 512.099,   5,  1^1S,  6^1P, 1, 3, 7.317e7, 8.628e-3, -2.064
 515.617,   4,  1^1S,  5^1P, 1, 3, 1.258e8, 1.504e-2, -1.823
 522.213,   3,  1^1S,  4^1P, 1, 3, 2.436e8, 2.986e-2, -1.525
 537.030,   2,  1^1S,  3^1P, 1, 3, 5.663e8, 7.344e-2, -1.134
 584.334,   1,  1^1S,  2^1P, 1, 3, 1.799e9, 2.762e-1, -0.559
 591.412, 557,  1^1S,  2^3P, 1, 3, 1.776e2, 2.794e-8, -7.554
2677.924, 304,  2^3S, 10^3P, 3, 9, 4.417e5, 1.424e-3, -2.369
2696.918, 303,  2^3S,  9^3P, 3, 9, 6.023e5, 1.970e-3, -2.228
2723.999, 302,  2^3S,  8^3P, 3, 9, 8.500e5, 2.836e-3, -2.070
2764.619, 301,  2^3S,  7^3P, 3, 9, 1.251e6, 4.299e-3, -1.890
2829.913, 300,  2^3S,  6^3P, 3, 9, 1.939e6, 6.982e-3, -1.679
2945.964, 299,  2^3S,  5^3P, 3, 9, 3.201e6, 1.249e-2, -1.426
3188.665, 298,  2^3S,  4^3P, 3, 9, 5.636e6, 2.577e-2, -1.112
3232.203,  18,  2^1S, 10^1P, 1, 3, 5.101e5, 2.396e-3, -2.620
3259.213,  17,  2^1S,  9^1P, 1, 3, 6.963e5, 3.326e-3, -2.478
3297.722,  16,  2^1S,  8^1P, 1, 3, 9.843e5, 4.813e-3, -2.318
3355.519,  15,  2^1S,  7^1P, 1, 3, 1.454e6, 7.360e-3, -2.133
3448.577,  14,  2^1S,  6^1P, 1, 3, 2.269e6, 1.213e-2, -1.916
3555.440, 320,  2^3P, 10^3D, 9,15, 1.310e6, 4.137e-3, -1.429
3564.005, 319,  2^3P, 10^3S, 9, 3, 4.836e5, 3.069e-4, -2.559
3588.304, 318,  2^3P,  9^3D, 9,15, 1.811e6, 5.825e-3, -1.280
3600.350, 317,  2^3P,  9^3S, 9, 3, 6.724e5, 4.355e-4, -2.407
3614.673,  13,  2^1S,  5^1P, 1, 3, 3.802e6, 2.234e-2, -1.651
3635.286, 316,  2^3P,  8^3D, 9,15, 2.606e6, 8.604e-3, -1.111
3653.041, 315,  2^3P,  8^3S, 9, 3, 9.744e5, 6.497e-4, -2.233
3706.070, 314,  2^3P,  7^3D, 9,15, 3.953e6, 1.356e-2, -0.913
3733.945, 313,  2^3P,  7^3S, 9, 3, 1.490e6, 1.038e-3, -2.030
3820.708, 312,  2^3P,  6^3D, 9,15, 6.435e6, 2.347e-2, -0.675
3834.636,  34,  2^1P, 10^1D, 3, 5, 9.647e5, 3.543e-3, -1.973
3839.189,  33,  2^1P, 10^1S, 3, 1, 3.743e5, 2.756e-4, -3.083
3868.590, 311,  2^3P,  6^3S, 9, 3, 2.447e6, 1.829e-3, -1.783
3872.884,  32,  2^1P,  9^1D, 3, 5, 1.339e6, 5.015e-3, -1.823
3879.276,  31,  2^1P,  9^1S, 3, 1, 5.175e5, 3.891e-4, -2.933
3889.745, 297,  2^3S,  3^3P, 3, 9, 9.475e6, 6.446e-2, -0.714
3927.656,  30,  2^1P,  8^1D, 3, 5, 1.937e6, 7.464e-3, -1.650
3937.059,  29,  2^1P,  8^1S, 3, 1, 7.447e5, 5.767e-4, -2.762
3965.851,  12,  2^1S,  4^1P, 1, 3, 6.951e6, 4.915e-2, -1.308
4010.390,  28,  2^1P,  7^1D, 3, 5, 2.961e6, 1.190e-2, -1.447
4025.117,  27,  2^1P,  7^1S, 3, 1, 1.128e6, 9.130e-4, -2.562
4027.152, 745,  2^3P,  5^1D, 3, 5, 8.344e2, 3.381e-6, -4.994
4027.347, 310,  2^3P,  5^3D, 9,15, 1.160e7, 4.701e-2, -0.374
4121.998, 309,  2^3P,  5^3S, 9, 3, 4.453e6, 3.780e-3, -1.468
4144.928,  26,  2^1P,  6^1D, 3, 5, 4.881e6, 2.095e-2, -1.202
4145.048, 562,  2^1P,  6^3D, 3, 5, 4.207e2, 1.806e-6, -5.266
4170.147,  25,  2^1P,  6^1S, 3, 1, 1.830e6, 1.590e-3, -2.322
4389.162,  24,  2^1P,  5^1D, 3, 5, 8.989e6, 4.325e-2, -0.887
4389.381, 561,  2^1P,  5^3D, 3, 5, 8.763e2, 4.218e-6, -4.898
4438.799,  23,  2^1P,  5^1S, 3, 1, 3.269e6, 3.217e-3, -2.015
4472.340, 744,  2^3P,  4^1D, 8, 5, 3.055e3, 5.724e-6, -4.339
4472.757, 308,  2^3P,  4^3D, 9,15, 2.458e7, 1.228e-1,  0.044
4714.490, 307,  2^3P,  4^3S, 9, 3, 9.521e6, 1.057e-2, -1.022
4923.305,  22,  2^1P,  4^1D, 3, 5, 1.986e7, 1.203e-1, -0.443
4923.783, 560,  2^1P,  4^3D, 3, 5, 2.475e3, 1.499e-5, -4.347
5017.077,  11,  2^1S,  3^1P, 1, 3, 1.337e7, 1.513e-1, -0.820
5049.146,  21,  2^1P,  4^1S, 3, 1, 6.771e6, 8.623e-3, -1.587
5876.072, 743,  2^3P,  3^1D, 8, 5, 1.663e4, 5.381e-5, -3.366
5877.289, 306,  2^3P,  3^3D, 9,15, 7.070e7, 6.102e-1,  0.740
6679.996,  20,  2^1P,  3^1D, 3, 5, 6.370e7, 7.100e-1,  0.328
6681.521, 559,  2^1P,  3^3D, 3, 5, 1.510e4, 1.684e-4, -3.296
7067.197, 305,  2^3P,  3^3S, 9, 3, 2.785e7, 6.951e-2, -0.204
7162.533, 328,  3^3S, 10^3P, 3, 9, 9.569e4, 2.207e-3, -2.179
7283.357,  19,  2^1P,  3^1S, 3, 1, 1.830e7, 4.849e-2, -0.837
7300.047, 327,  3^3S,  9^3P, 3, 9, 1.291e5, 3.094e-3, -2.032
7501.919, 326,  3^3S,  8^3P, 3, 9, 1.794e5, 4.540e-3, -1.866
7818.287, 325,  3^3S,  7^3P, 3, 9, 2.575e5, 7.077e-3, -1.673
8096.340,  42,  3^1S, 10^1P, 1, 3, 1.379e5, 4.065e-3, -2.391
8267.973,  41,  3^1S,  9^1P, 1, 3, 1.872e5, 5.755e-3, -2.240
8364.032, 324,  3^3S,  6^3P, 3, 9, 3.813e5, 1.199e-2, -1.444
8520.376,  40,  3^1S,  8^1P, 1, 3, 2.625e5, 8.569e-3, -2.067
8584.999, 343,  3^3P, 10^3D, 9,15, 4.193e5, 7.720e-3, -1.158
8635.108, 342,  3^3P, 10^3S, 9, 3, 2.747e5, 1.023e-3, -2.036
8779.149, 341,  3^3P,  9^3D, 9,15, 5.776e5, 1.112e-2, -1.000
8851.605, 340,  3^3P,  9^3S, 9, 3, 3.838e5, 1.502e-3, -1.869
8866.095, 742,  2^3S,  2^1P, 3, 3, 1.442e0, 1.700e-8, -7.292
8917.219,  39,  3^1S,  7^1P, 1, 3, 3.826e5, 1.368e-2, -1.864
8999.437, 760,  3^3D, 10^1F, 2, 7, 7.537e4, 5.337e-4, -2.194
8999.445, 357,  3^3D, 10^3F, 5,21, 3.350e5, 5.694e-3, -1.069
8999.990,  70,  3^1D, 10^1P, 5, 3, 1.239e4, 9.024e-5, -3.346
9002.207,  71,  3^1D, 10^1F, 5, 7, 2.841e5, 4.830e-3, -1.617
9002.208, 576,  3^1D, 10^3F, 5, 7, 7.516e4, 1.278e-3, -2.194
9011.625, 356,  3^3D, 10^3P, 5, 9, 2.657e4, 1.941e-4, -2.536
9065.804, 339,  3^3P,  8^3D, 9,15, 8.270e5, 1.698e-2, -0.816
9087.915,  56,  3^1P, 10^1D, 3, 5, 3.681e5, 7.593e-3, -1.642
9113.527,  55,  3^1P, 10^1S, 3, 1, 2.200e5, 9.128e-4, -2.562
9177.040, 338,  3^3P,  8^3S, 9, 3, 5.600e5, 2.356e-3, -1.674
9212.577,  68,  3^1D,  9^1P, 5, 3, 1.733e4, 1.323e-4, -3.180
9212.854, 759,  3^3D,  9^1F, 2, 7, 1.098e5, 8.148e-4, -2.010
9212.863, 355,  3^3D,  9^3F, 5,21, 4.738e5, 8.439e-3, -0.898
9215.757,  69,  3^1D,  9^1F, 5, 7, 3.996e5, 7.121e-3, -1.448
9215.759, 575,  3^1D,  9^3F, 5, 7, 1.095e5, 1.952e-3, -2.011
9230.392, 354,  3^3D,  9^3P, 5, 9, 3.717e4, 2.848e-4, -2.369
9305.716,  54,  3^1P,  9^1D, 3, 5, 5.103e5, 1.104e-2, -1.480
9342.705,  53,  3^1P,  9^1S, 3, 1, 3.056e5, 1.333e-3, -2.398
9466.179, 323,  3^3S,  5^3P, 3, 9, 5.687e5, 2.291e-2, -1.163
9518.783, 751,  3^3P,  7^1D, 3, 5, 7.387e1, 1.672e-6, -5.300
9519.211, 337,  3^3P,  7^3D, 9,15, 1.244e6, 2.816e-2, -0.596
9527.045,  66,  3^1D,  8^1P, 5, 3, 2.536e4, 2.070e-4, -2.985
9528.769, 758,  3^3D,  8^1F, 2, 7, 1.701e5, 1.350e-3, -1.790
9528.780, 353,  3^3D,  8^3F, 5,21, 7.046e5, 1.342e-2, -0.696
9531.875,  67,  3^1D,  8^1F, 5, 7, 5.898e5, 1.124e-2, -1.250
9531.878, 574,  3^1D,  8^3F, 5, 7, 1.696e5, 3.235e-3, -1.791
9555.518, 352,  3^3D,  8^3P, 5, 9, 5.437e4, 4.464e-4, -2.174
9606.075,  38,  3^1S,  6^1P, 1, 3, 5.829e5, 2.418e-2, -1.616
9628.337,  52,  3^1P,  8^1D, 3, 5, 7.374e5, 1.708e-2, -1.290
9685.043,  51,  3^1P,  8^1S, 3, 1, 4.427e5, 2.075e-3, -2.206
9705.313, 336,  3^3P,  7^3S, 9, 3, 8.651e5, 4.071e-3, -1.436